11 21 0 0
11 21 0 0
12 19 0 0
12 18 0 0
12 19 0 0
14 17 0 0
10 20 0 0
11 20 0 0
10 21 0 0
14 17 0 0
14 20 0 1
18 19 0 1
18 21 0 1
19 18 0 1
19 19 0 1
25 19 1 2
26 19 0 2
30 20 0 2
30 22 0 2
34 25 0 3
39 21 0 3
48 19 0 3
57 19 0 3
61 16 2 3
78 16 1 4
87 13 1 4
89 12 3 4
92 12 3 4
102 11 2 5
99 12 4 5
106 13 4 5
103 11 4 5
101 9 4 5
87 10 4 5
78 11 4 5
76 12 4 5
83 9 5 6
79 11 5 6
79 12 5 6
84 15 5 6
75 15 5 6
73 15 5 6
67 17 4 6
69 18 4 7
74 17 4 7
81 15 4 7
92 16 4 7
93 18 5 7
92 14 5 8
99 13 5 8
107 12 5 8
96 13 6 8
91 14 6 8
97 16 6 8
89 14 6 8
81 14 6 8
86 14 6 8
93 12 6 8
91 11 5 8
85 13 5 8
84 14 5 8
96 13 5 8
90 13 5 8
88 11 5 9
99 18 7 9
102 16 7 9
88 18 7 9
91 15 7 9
89 16 4 9
95 16 4 9
105 18 6 10
109 18 6 10
106 18 6 10
110 19 6 10
109 18 6 10
95 19 6 10
100 21 6 10
108 22 6 10
107 25 8 10
117 22 8 11
120 23 8 11
122 23 8 11
123 22 8 11
118 22 8 11
120 24 8 11
117 24 8 11
114 23 8 12
112 18 7 12
112 19 7 12
111 18 7 12
102 18 5 12
101 19 5 12
105 18 5 12
102 18 5 13
97 19 5 13
89 22 5 13
85 23 5 13
85 22 5 13
86 20 5 13
95 20 5 13
99 18 5 13
107 20 6 14
103 22 9 14
101 23 9 14
99 20 9 14
103 21 9 14
93 22 9 14
86 21 9 14
78 25 9 14
73 26 9 13
65 26 9 13
66 27 8 14
67 27 8 14
69 25 5 14
81 26 9 14
82 27 9 14
84 23 9 14
89 21 2 14
101 25 9 14
104 27 9 15
114 29 9 15
115 31 9 15
111 28 10 15
112 27 10 15
103 26 10 14
93 24 10 14
96 25 10 14
95 26 10 14
98 27 11 15
100 30 11 15
100 29 11 15
101 28 11 15
105 26 11 15
110 25 10 15
121 25 10 15
126 20 10 15
128 17 9 15
129 17 9 15
139 18 9 16
137 19 9 16
140 25 9 16
151 26 10 16
147 24 10 16
145 22 10 16
138 23 13 16
132 26 13 13
